(158.5 210.5 2.5),
(158.75 210.5 2.75),
(157.563 210.5 3.5625),
(157.016 210.5 4.26563),
(157.129 210.5 4.69141),
(156.657 210.75 5.29785),
(156.539 211.313 5.69946),
(156.51 211.453 6.54987),
(156.252 211.488 7.51247),
(155.438 211.497 8.50312),
(154.985 211.499 9.25078),
(154.871 211.5 9.68769),
(154.093 211.5 10.2969),
(154.148 211.5 10.6992),
(153.912 211.5 11.2998),
(154.353 211.5 11.7),
(154.713 211.5 12.3),
(155.303 211.75 12.7),
(155.701 212.312 13.3),
(156.3 212.453 13.7),
(156.7 212.488 14.55),
(157.3 212.747 15.5125),
(157.45 213.312 16.5031),
(157.738 213.453 17.5008),
(158.059 213.488 18.5002),
(157.64 213.497 19.5),
(157.535 213.499 20.5),
(157.5 213.5 21.5)