[(-14.1697 105.29 -71.8583),
(-14.6463 105.291 -70.544),
(-15.0195 105.294 -69.1996),
(-15.2736 105.305 -67.788),
(-15.4416 105.331 -66.2759),
(-15.5697 105.38 -64.6475),
(-15.6831 105.453 -62.8991),
(-15.7777 105.541 -61.0175),
(-15.844 105.629 -58.9644),
(-15.8966 105.705 -56.6902),
(-15.9741 105.762 -54.1824),
(-16.1111 105.801 -51.5124),
(-16.3175 105.825 -48.8318),
(-16.582 105.838 -46.3099),
(-16.8812 105.845 -44.0647),
(-17.1725 105.849 -42.1386),
(-17.3877 105.852 -40.5121),
(-17.4568 105.856 -39.1126),
(-17.353 105.868 -37.8148),
(-17.1107 105.898 -36.458),
(-16.7997 105.958 -34.8797),
(-16.4799 106.057 -32.9503),
(-16.1767 106.194 -30.5996),
(-15.89 106.355 -27.828),
(-15.6187 106.518 -24.6939),
(-15.3742 106.664 -21.2847),
(-15.1772 106.778 -17.6882),
(-15.047 106.858 -13.9753),
(-14.995 106.906 -10.1955),
(-15.0188 106.923 -6.37981),
(-15.0984 106.903 -2.54675),
(-15.1945 106.837 1.28975),
(-15.255 106.72 5.10741),
(-15.2294 106.562 8.85642),
(-15.0857 106.387 12.4446),
(-14.8188 106.224 15.7492),
(-14.4483 106.094 18.6619),
(-14.006 106.01 21.1303),
(-13.5208 105.974 23.157),
(-13.0094 105.99 24.7667),
(-12.4782 106.055 25.9883),
(-11.9309 106.168 26.8614),
(-11.3722 106.324 27.4458),
(-10.807 106.518 27.8169),
(-10.2388 106.741 28.0556),
(-9.66975 106.977 28.2418)]